I
1130 Generated by WorldEditor 2.3.0r2

1   1645 0 0 EDFH Frankfurt-Hahn
1302 city Hahn
1302 country Germany
1302 datum_lat 49.948672222
1302 datum_lon 7.263891667
1302 faa_code 
1302 gui_label 3D
1302 iata_code HHN
1302 icao_code EDFH
1302 region_code ED
1302 state Rhineland-Palatinate
1302 transition_alt 5000
1302 transition_level 
100 45.11 1 1 0.25 1 3 0 03  49.93138240  007.24685095  301    0 3 1 0 1 21  49.96023898  007.27530472  303    0 3 2 1 1
102 H1  49.93505932  007.25864972 257.56 17.90 16.80 1 0 0 0.00 0
110 2 0.00 32.4000 Concrete Taxiway 1
111  49.93127381  007.24711472 3 102
111  49.93069745  007.24854659
112  49.93069745  007.24854659  49.93054170  007.24895383 3 102
112  49.93088543  007.24971428  49.93114757  007.24995453
111  49.93088543  007.24971428 3 102
111  49.93621625  007.25496623
111  49.93604029  007.25539122
111  49.93682913  007.25616050
111  49.93653448  007.25689112
111  49.93730671  007.25765126 3 102
111  49.93776361  007.25827088
111  49.93793773  007.25784346 3 102
111  49.93738496  007.25709604
112  49.93738496  007.25709604  49.93733103  007.25703514 3 102
112  49.93729538  007.25684222  49.93729186  007.25674222
111  49.93729538  007.25684222
112  49.93729538  007.25684222  49.93729313  007.25677816
112  49.93732560  007.25664790  49.93734859  007.25658461
111  49.93732560  007.25664790
111  49.93762537  007.25592308
111  49.93698695  007.25529297 3 102
111  49.93310328  007.25147028 3 102
111  49.93257378  007.25073556
112  49.93257378  007.25073556  49.93252935  007.25067393 3 102
112  49.93250366  007.25038436  49.93253222  007.25027342
111  49.93250366  007.25038436 3 102
111  49.93267969  007.24971113 3 102
111  49.93298844  007.24917625
112  49.93298844  007.24917625  49.93304108  007.24909787 3 102
112  49.93322365  007.24903943  49.93329048  007.24905263
111  49.93322365  007.24903943
111  49.93321295  007.24898822
111  49.93268017  007.24846001
111  49.93264141  007.24846634
112  49.93264141  007.24846634  49.93268719  007.24854919 3 102
112  49.93266846  007.24883625  49.93264722  007.24891617
111  49.93266846  007.24883625 3 102
111  49.93248835  007.24950111 3 102
111  49.93224475  007.24992003 102
111  49.93099807  007.24869471 102
112  49.93100074  007.24863332  49.93101445  007.24857770
111  49.93100074  007.24863332 3 102
111  49.93113365  007.24817783 3 102
111  49.93143841  007.24764287
112  49.93143841  007.24764287  49.93149958  007.24753940 3 102
112  49.93169480  007.24753283  49.93180558  007.24754867
111  49.93169480  007.24753283
111  49.93166370  007.24744792
113  49.93131304  007.24710799
110 2 0.00 32.4000 Concrete Taxiway 2
111  49.93783332  007.25888879
112  49.93783332  007.25888879  49.93797810  007.25883426
112  49.93825395  007.25903058  49.93843164  007.25921633
111  49.93825395  007.25903058 3 102
111  49.94048685  007.26132129 3 102
112  49.94052752  007.26148923  49.94047267  007.26160904
111  49.94052752  007.26148923 3 102
111  49.94049451  007.26156838
111  49.94045693  007.26164685
111  49.94038947  007.26165128
111  49.94037305  007.26169993
111  49.94030045  007.26164460
111  49.94022876  007.26181266
111  49.94384239  007.26550585
111  49.94387922  007.26542161
111  49.94399282  007.26516173 3 102
111  49.94403595  007.26506307
112  49.94403595  007.26506307  49.94404971  007.26503430 3 102
112  49.94410994  007.26504285  49.94414432  007.26507819
111  49.94410994  007.26504285 3 102
111  49.94432656  007.26526413 3 102
111  49.94448812  007.26542917 3 102
111  49.94589150  007.26686274 3 102
111  49.94600275  007.26660293
111  49.94566352  007.26625170 3 102
111  49.94467641  007.26522968 3 102
111  49.94454235  007.26509088
112  49.94454235  007.26509088  49.94442276  007.26496423 3 102
112  49.94447706  007.26455513  49.94453571  007.26440836
111  49.94447706  007.26455513 3 102
111  49.94462316  007.26420037 3 102
111  49.94474946  007.26389371 3 102
111  49.94552453  007.26201175
111  49.94542063  007.26189797 3 102
111  49.94463291  007.26379370 3 102
111  49.94452539  007.26405245 3 102
111  49.94435477  007.26446307
112  49.94435477  007.26446307  49.94428394  007.26462996 3 102
112  49.94402442  007.26456430  49.94394977  007.26447908
111  49.94402442  007.26456430 3 102
111  49.94251118  007.26301393 3 102
111  49.94236893  007.26286820 3 102
111  49.93851915  007.25892394
112  49.93851915  007.25892394  49.93836230  007.25873477 3 102
112  49.93838059  007.25817031  49.93845408  007.25794195
111  49.93838059  007.25817031 3 102
111  49.93845090  007.25797013
111  49.93833086  007.25785652
111  49.93809464  007.25842936
112  49.93809464  007.25842936  49.93805275  007.25854061
111  49.93797337  007.25860869
112  49.93797337  007.25860869  49.93789734  007.25866644
113  49.93780984  007.25869732
110 2 0.00 32.4000 Concrete Taxiway 3
111  49.95740936  007.27386351
112  49.95740936  007.27386351  49.95737241  007.27398355
112  49.95718187  007.27421894  49.95709808  007.27430773
111  49.95718187  007.27421894
111  49.95600873  007.27542687
112  49.95600873  007.27542687  49.95609124  007.27540615
112  49.95615314  007.27555820  49.95617155  007.27564107
111  49.95615314  007.27555820
111  49.95655064  007.27727577
111  49.95667543  007.27720740
111  49.95664369  007.27707255
112  49.95664369  007.27707255  49.95661170  007.27693474
111  49.95668103  007.27684817 3 102
111  49.95752244  007.27596120
112  49.95752244  007.27596120  49.95774506  007.27577012 3 102
112  49.95768613  007.27508144  49.95759619  007.27482742
111  49.95768613  007.27508144 3 102
111  49.95742577  007.27442637
112  49.95742577  007.27442637  49.95737642  007.27428998 3 102
112  49.95743715  007.27401983  49.95748321  007.27390049
111  49.95743715  007.27401983 3 102
111  49.95757906  007.27365017
113  49.95751588  007.27359429
111  49.95712615  007.27453311 3 102
112  49.95730121  007.27470700  49.95738150  007.27489726
111  49.95730121  007.27470700 3 102
111  49.95744336  007.27507524
112  49.95744336  007.27507524  49.95749864  007.27524505 3 102
112  49.95735122  007.27562352  49.95722618  007.27576468
111  49.95735122  007.27562352 3 102
111  49.95684053  007.27613700
112  49.95684053  007.27613700  49.95666285  007.27630271 3 102
112  49.95644567  007.27588742  49.95639566  007.27562965
111  49.95644567  007.27588742 3 102
111  49.95641540  007.27574421 102
111  49.95643909  007.27553964 102
113  49.95707350  007.27491567 102
110 2 0.00 32.4000 New Taxiway 1
111  49.93932390  007.25505912
111  49.93926960  007.25518813
111  49.93902747  007.25517669
111  49.93873992  007.25515822
111  49.93873602  007.25536347
111  49.93902511  007.25537391
112  49.93902511  007.25537391  49.93918754  007.25538680
111  49.93916080  007.25562399
111  49.93931072  007.25522722
114  49.93931072  007.25522722  49.93934418  007.25513223
110 1 0.00 32.4000 Asphalt Taxiway 1
111  49.93776361  007.25827088 3 102
111  49.93796567  007.25853659
112  49.93796567  007.25853659  49.93796403  007.25857181 3 102
111  49.93797337  007.25860869
112  49.93809464  007.25842936  49.93813654  007.25831812
111  49.93809464  007.25842936
111  49.93833086  007.25785652
111  49.93845090  007.25797013 3 102
111  49.93917104  007.25621933
111  49.93925501  007.25619353
111  49.93943505  007.25575381
112  49.93946163  007.25571783  49.93947973  007.25570656
111  49.93949631  007.25571946
111  49.93993708  007.25615005
111  49.94031740  007.25603403
111  49.94029932  007.25596891
111  49.93935312  007.25504667
111  49.93932390  007.25505912 3 102
112  49.93931072  007.25522722  49.93927727  007.25532220
111  49.93931072  007.25522722 3 102
111  49.93916080  007.25562399 102
111  49.93882499  007.25564007 102
111  49.93836095  007.25673548 102
111  49.93851952  007.25721269 3 102
111  49.93814342  007.25813039 3 102
113  49.93793773  007.25784346
110 1 0.00 32.4000 Asphalt Taxiway 2
111  49.94600275  007.26660293 3 102
111  49.94635240  007.26661573 3 102
111  49.94647395  007.26671878
111  49.94898505  007.26920177
111  49.94910066  007.26892218
111  49.94980836  007.26961597
111  49.94942333  007.26911379
112  49.94942333  007.26911379  49.94934634  007.26901355
112  49.94932570  007.26861356  49.94933881  007.26841646
111  49.94932570  007.26861356
112  49.94932570  007.26861356  49.94933747  007.26843665
112  49.94945798  007.26814002  49.94952771  007.26801328
111  49.94945798  007.26814002
111  49.94962092  007.26782227
112  49.94962092  007.26782227  49.94970910  007.26765863
112  49.94989988  007.26765440  49.95005519  007.26761758
111  49.94989988  007.26765440
111  49.95037510  007.26753589
111  49.95141592  007.26746242
112  49.95141592  007.26746242  49.95161467  007.26745628
112  49.95177740  007.26751749  49.95186032  007.26756249
111  49.95177740  007.26751749
111  49.95182679  007.26738084
111  49.95180063  007.26730592
111  49.95094593  007.26646876
111  49.95089067  007.26646098
111  49.95085480  007.26660939
112  49.95085480  007.26660939  49.95087948  007.26684662
112  49.95062434  007.26701217  49.95044519  007.26704485
111  49.95062434  007.26701217
112  49.94984910  007.26712759  49.94945371  007.26713986
111  49.94984910  007.26712759
112  49.94984910  007.26712759  49.94972648  007.26712759
112  49.94952677  007.26725915  49.94945433  007.26734086
111  49.94952677  007.26725915
111  49.94954629  007.26730201
112  49.94954629  007.26730201  49.94948192  007.26737333 3 102
112  49.94939200  007.26753825  49.94935092  007.26762231
111  49.94939200  007.26753825 3 102
111  49.94900694  007.26831432
112  49.94900694  007.26831432  49.94892163  007.26848951 3 102
112  49.94871724  007.26844249  49.94862584  007.26837502
111  49.94871724  007.26844249 3 102
111  49.94832017  007.26815902 3 102
111  49.94610301  007.26597898 3 102
111  49.94598231  007.26627014 3 102
113  49.94566352  007.26625170
110 1 0.00 32.4000 Asphalt Taxiway 3
111  49.95436018  007.27407831
111  49.95407238  007.27479616
111  49.95436061  007.27508450
111  49.95442840  007.27492017
112  49.95442840  007.27492017  49.95449092  007.27479573
112  49.95470640  007.27486149  49.95477440  007.27492116
111  49.95470640  007.27486149 3 102
111  49.95531372  007.27544891
112  49.95531372  007.27544891  49.95540056  007.27554599
112  49.95538347  007.27578403  49.95529893  007.27589413
111  49.95511745  007.27593674
111  49.95536093  007.27620141
111  49.95555120  007.27601426
112  49.95599861  007.27685090  49.95608620  007.27702593
111  49.95590279  007.27721870
112  49.95527684  007.27734621  49.95491954  007.27730083
111  49.95527684  007.27734621
111  49.95528188  007.27742915
112  49.95528188  007.27742915  49.95566698  007.27745724
111  49.95592359  007.27728965
112  49.95592359  007.27728965  49.95620998  007.27717296
111  49.95633263  007.27746635
111  49.95638314  007.27740715
111  49.95560750  007.27595889
111  49.95588071  007.27568560
112  49.95588071  007.27568560  49.95598798  007.27558004
112  49.95617591  007.27583523  49.95621807  007.27599013
111  49.95617591  007.27583523 3 102
111  49.95651486  007.27728645
111  49.95646719  007.27731297
111  49.95664145  007.27804682
112  49.95664145  007.27804682  49.95669542  007.27829231
112  49.95664236  007.27862723  49.95658972  007.27876634
111  49.95664236  007.27862723
111  49.95653158  007.27891720
111  49.95663324  007.27901451
111  49.95696835  007.27818621
111  49.95836014  007.27959218
112  49.95836014  007.27959218  49.95845904  007.27966816
112  49.95864981  007.27946426  49.95872255  007.27931796
111  49.95864981  007.27946426
111  49.95868060  007.27938858
111  49.95703876  007.27775588
112  49.95703876  007.27775588  49.95689352  007.27760218
112  49.95673887  007.27716249  49.95667768  007.27693437
111  49.95673887  007.27716249
111  49.95670890  007.27717950
112  49.95670890  007.27717950  49.95667310  007.27704927 3 102
112  49.95668103  007.27684817  49.95671968  007.27678705
111  49.95668103  007.27684817
112  49.95664369  007.27707255  49.95667568  007.27721035
111  49.95664369  007.27707255
111  49.95667543  007.27720740
111  49.95655064  007.27727577
111  49.95615314  007.27555820
112  49.95615314  007.27555820  49.95613473  007.27547533
112  49.95600873  007.27542687  49.95592621  007.27544759
111  49.95600873  007.27542687
111  49.95718187  007.27421894
112  49.95718187  007.27421894  49.95726565  007.27413014
112  49.95740936  007.27386351  49.95744631  007.27374346
111  49.95740936  007.27386351
111  49.95751588  007.27359429
111  49.95757906  007.27365017 3 102
111  49.95775027  007.27322584
111  49.95774551  007.27318899
111  49.95685227  007.27231930
111  49.95683256  007.27231811 102
111  49.95690711  007.27288550 102
111  49.95740177  007.27338141 102
112  49.95740767  007.27349487  49.95738591  007.27355773
111  49.95740767  007.27349487 3 102
111  49.95728789  007.27380444 3 102
112  49.95723435  007.27390652  49.95719823  007.27396992 3 102
111  49.95713925  007.27403245 3 102
111  49.95645558  007.27471404 3 102
111  49.95590580  007.27514252
112  49.95590580  007.27514252  49.95579307  007.27521947 3 102
112  49.95551417  007.27513700  49.95538088  007.27503874
111  49.95551417  007.27513700 3 102
113  49.95505413  007.27478298 3 102
110 1 0.00 0.0000 Asphalt Taxiway 4
111  49.95929839  007.27493654 102
111  49.95952098  007.27571441 102
111  49.95992228  007.27609329 102
111  49.96012913  007.27557072
111  49.96011227  007.27552453
111  49.95938316  007.27479895
113  49.95934767  007.27480038
110 1 0.00 0.0000 Asphalt Taxiway 5
111  49.93696894  007.25273055
111  49.93675487  007.25325704
111  49.93719853  007.25370993
111  49.93772856  007.25366772
111  49.93782691  007.25357830
111  49.93779484  007.25350043
113  49.93700661  007.25273253
110 2 0.00 32.4000 Asphalt Taxiway 6
111  49.94557779  007.26187902
112  49.94557779  007.26187902  49.94565682  007.26168599 3 102
112  49.94602931  007.26166795  49.94618280  007.26172252
111  49.94602931  007.26166795 102
111  49.94600703  007.26161186
111  49.94556181  007.26117566
111  49.94553012  007.26117518
112  49.94553012  007.26117518  49.94559105  007.26134745 3 102
112  49.94555045  007.26156207  49.94551744  007.26164986
111  49.94555045  007.26156207 3 102
111  49.94542063  007.26189797
113  49.94552453  007.26201175 3 102
110 2 0.00 32.4000 Concrete Apron 1
111  49.94647395  007.26671878
112  49.94647395  007.26671878  49.94653421  007.26678464 3 102
112  49.94651794  007.26700188  49.94648317  007.26709145
111  49.94651794  007.26700188
112  49.94640643  007.26730412  49.94637167  007.26739370
111  49.94640643  007.26730412
111  49.94586751  007.26872513
111  49.94752103  007.27038580
111  49.95052020  007.27339671
111  49.95060327  007.27318173
112  49.95060327  007.27318173  49.95057128  007.27314905
112  49.95057157  007.27298816  49.95059900  007.27291429
111  49.95057157  007.27298816
111  49.95099967  007.27194725
111  49.95106130  007.27179740
112  49.95106130  007.27179740  49.95109603  007.27172495
112  49.95119711  007.27176254  49.95124555  007.27180800
111  49.95119711  007.27176254
111  49.95185664  007.27241732 102
111  49.95196895  007.27214460 3 102
111  49.95215138  007.27232294 3 102
111  49.95224248  007.27251266 102
111  49.95206105  007.27295139
111  49.95192929  007.27326999
111  49.95181750  007.27316253
111  49.95155903  007.27291409
111  49.95106374  007.27411859
111  49.95119623  007.27424908
111  49.95398439  007.27703252
111  49.95487771  007.27790251
111  49.95498417  007.27764575
111  49.95542926  007.27656590
111  49.95489818  007.27605257
111  49.95497998  007.27584706
111  49.95444366  007.27532894
111  49.95448524  007.27520918
111  49.95436061  007.27508450
111  49.95407238  007.27479616
111  49.95436018  007.27407831 3 102
111  49.94980836  007.26961597
111  49.94910066  007.26892218
113  49.94898505  007.26920177
110 2 0.00 32.4000 Concrete Apron 2
111  49.95696835  007.27818621
111  49.95663324  007.27901451
111  49.95653158  007.27891720
111  49.95566599  007.28108071
111  49.95653779  007.28200234
111  49.95642181  007.28231961
111  49.95731163  007.28317015
111  49.95763906  007.28218577
111  49.95756195  007.28208616
111  49.95814089  007.28060590
112  49.95809354  007.28032832  49.95814092  007.28018102
111  49.95809354  007.28032832
111  49.95817874  007.28013341
111  49.95846541  007.28040540
111  49.95848712  007.28051622
111  49.95836219  007.28081791
111  49.95820580  007.28066650
111  49.95775926  007.28176441
111  49.95850345  007.28251048
111  49.95884830  007.28170114
111  49.95889988  007.28136375
111  49.95878936  007.28124614 102
111  49.95904414  007.28058855 102
111  49.95892567  007.28010075
112  49.95892567  007.28010075  49.95889965  007.27994997 102
112  49.95895012  007.27975067  49.95899168  007.27965896
111  49.95895012  007.27975067 102
111  49.95864981  007.27946426
112  49.95864981  007.27946426  49.95857708  007.27961057 102
112  49.95836014  007.27959218  49.95826123  007.27951619
113  49.95836014  007.27959218
130 Airport Boundary 1
111  49.96295043  007.27492806
111  49.96234001  007.27350994
111  49.95095191  007.26223248
111  49.93804081  007.24947338
111  49.93704569  007.24841027
111  49.93669111  007.24811426
111  49.93630681  007.24782006
111  49.93244098  007.24401772
111  49.93113367  007.24441408
111  49.92855235  007.24185744
111  49.92796352  007.24318011
111  49.92630308  007.24156445
111  49.92617426  007.24190537
111  49.92784423  007.24348398
111  49.92678976  007.24621129
111  49.93074363  007.25064153
111  49.92973846  007.25307446
111  49.93011063  007.25363036
111  49.93209074  007.25188111
111  49.93580490  007.25566648
111  49.93444513  007.25842731
111  49.93442133  007.25863887
111  49.93454079  007.25933821
111  49.93616471  007.25985261
111  49.93803893  007.26150636
111  49.93776933  007.26283922
111  49.93715307  007.26697506
111  49.94052276  007.26879270
111  49.94091242  007.26870777
111  49.94137517  007.26873425
111  49.94162866  007.26929136
111  49.94232682  007.27028835
111  49.94405040  007.27261399
111  49.94763398  007.27747895
111  49.94938500  007.27720493
111  49.94934246  007.27597222
111  49.95329534  007.27949759
111  49.95389169  007.28070395
111  49.95512815  007.28114349
111  49.95732348  007.28322368
111  49.95859736  007.28261956
111  49.95936586  007.28084865
111  49.96012821  007.27880947
111  49.96294013  007.28120650
113  49.96313146  007.27665707
120 ILS Holdline
111  49.95577365  007.27519908 56
115  49.95596259  007.27564380
120 ILS Holdline
111  49.94504075  007.26281307 56
115  49.94514981  007.26292239
120 ILS Holdline
111  49.93844719  007.25739238 56
115  49.93861945  007.25756104
120 ILS Holdline
111  49.93739113  007.25710310 56
115  49.93720753  007.25755407
120 ILS Holdline
111  49.95667204  007.27701848 56
115  49.95647794  007.27712115
120 ILS Holdline
111  49.94955001  007.26729703 56
115  49.94970633  007.26765403
120 Runway Holdline
111  49.95042296  007.26712903 54
115  49.95043275  007.26747758
120 Runway Holdline
111  49.95726476  007.27384905 54
115  49.95743739  007.27401912
120 Runway Stopline
111  49.94533927  007.26209556 54
115  49.94544664  007.26219946
120 Runway Stopline
111  49.93848872  007.25728898 54
115  49.93866193  007.25745764
120 Runway Stopline
111  49.93284464  007.25164510 54
115  49.93298341  007.25130211
120 Taxiway Stopline
111  49.93118756  007.24937355 52
115  49.93100122  007.24982666
120 Taxiway Edgeline
111  49.95712615  007.27453311 3
112  49.95692587  007.27459900  49.95685405  007.27467470
111  49.95692587  007.27459900 3
111  49.95661369  007.27492277
112  49.95661369  007.27492277  49.95641795  007.27512243 3
116  49.95641540  007.27574421  49.95648472  007.27603471
120 Taxiway Edgeline
111  49.95651486  007.27728645 3 102
111  49.95669741  007.27806563
112  49.95669741  007.27806563  49.95673492  007.27822920 3 102
112  49.95671356  007.27851883  49.95668709  007.27865375
111  49.95671356  007.27851883
112  49.95671356  007.27851883  49.95670422  007.27856645 3
112  49.95667376  007.27865381  49.95665659  007.27869601
111  49.95667376  007.27865381 3
115  49.95655714  007.27895550
120 Taxiway Edgeline
111  49.95864981  007.27946426 3 102
111  49.95861449  007.27939670 3 102
111  49.95708884  007.27787939
112  49.95708884  007.27787939  49.95685776  007.27765966 3 102
116  49.95670890  007.27717950  49.95666201  007.27699041
120 Taxiway Edgeline
112  49.95531372  007.27544891  49.95556066  007.27573588 3 102
112  49.95587632  007.27565416  49.95598903  007.27563127 3 102
116  49.95617591  007.27583523  49.95623878  007.27603329
120 Taxiway Edgeline
112  49.95740767  007.27349487  49.95746997  007.27333714 3
116  49.95727480  007.27275659  49.95714973  007.27263482
120 Taxiway Edgeline
111  49.94980836  007.26961597 3 102
111  49.94941242  007.26915372
112  49.94941242  007.26915372  49.94925858  007.26896939 3 102
112  49.94939172  007.26819333  49.94951855  007.26793416
111  49.94939172  007.26819333
112  49.94939172  007.26819333  49.94939172  007.26819515 3 102
111  49.94960898  007.26776078
112  49.94960898  007.26776078  49.94967475  007.26762937 3 102
111  49.94984034  007.26759469 3 102
111  49.95019149  007.26751074 3 102
112  49.95057435  007.26746329  49.95070940  007.26745599
111  49.95057435  007.26746329 3 102
111  49.95147864  007.26741402
112  49.95147864  007.26741402  49.95179808  007.26739212 3 102
115  49.95202004  007.26756916
120 Taxiway Edgeline
112  49.95089486  007.26647426  49.95096351  007.26674216 3 102
112  49.95071870  007.26705283  49.95054811  007.26710248
111  49.95071870  007.26705283 3 102
112  49.95012935  007.26718796  49.94997167  007.26720274
111  49.95012935  007.26718796 3 102
111  49.94981156  007.26720893 3 102
116  49.94954629  007.26730201  49.94943959  007.26738334
120 Taxiway Edgeline
111  49.93917104  007.25621933 3 102
111  49.93935191  007.25576632
112  49.93935191  007.25576632  49.93943233  007.25557185 3 102
116  49.93983445  007.25556129  49.94003494  007.25567569
120 Taxiway Edgeline
111  49.93916080  007.25562399 3
115  49.93851952  007.25721269
120 Taxiway Edgeline
111  49.93729538  007.25684222 3 102
111  49.93726248  007.25599699
112  49.93726248  007.25599699  49.93725210  007.25565528 3 102
116  49.93698695  007.25529297  49.93683592  007.25515658
120 Taxiway Edgeline
112  49.93099879  007.24863678  49.93092199  007.24890601 3
112  49.93105101  007.24923982  49.93118150  007.24937179
111  49.93105101  007.24923982 3
111  49.93190148  007.25007299
112  49.93190148  007.25007299  49.93202458  007.25019091 3
116  49.93224475  007.24992003  49.93236038  007.24972756
120 Taxiway Edgeline
111  49.93797337  007.25860869 3 102
112  49.93807991  007.25884012  49.93816285  007.25896276
111  49.93807991  007.25884012 3 102
115  49.93825395  007.25903058
120 Taxiway Edgeline
111  49.93621625  007.25496623 3 102
111  49.93675167  007.25566487
112  49.93675167  007.25566487  49.93683461  007.25577563 3 102
112  49.93687531  007.25606888  49.93688083  007.25624353
111  49.93687531  007.25606888 3 102
111  49.93690003  007.25676783
112  49.93690003  007.25676783  49.93690926  007.25695573 3 102
112  49.93709621  007.25744348  49.93726516  007.25761059
111  49.93709621  007.25744348 3 102
115  49.93730671  007.25765126
120 Taxiway Centreline
112  49.95730499  007.27400673  49.95724972  007.27413636 57
112  49.95736367  007.27455274  49.95743120  007.27472720
111  49.95736367  007.27455274 51
111  49.95754921  007.27508515
112  49.95754921  007.27508515  49.95763417  007.27535136 51
112  49.95743435  007.27580032  49.95727328  007.27595244
111  49.95743435  007.27580032 51
111  49.95668716  007.27650431
112  49.95668716  007.27650431  49.95657089  007.27661018 51
116  49.95654478  007.27693126  49.95658537  007.27710292
120 Taxiway Centreline
112  49.95640062  007.27628863  49.95644276  007.27649040 51
116  49.95668716  007.27650431  49.95676124  007.27645043
120 Taxiway Centreline
112  49.95592446  007.27544089  49.95607568  007.27528948 51
116  49.95623933  007.27556951  49.95628181  007.27575437
120 Taxiway Centreline
112  49.94436157  007.26464928  49.94429502  007.26481067 51
116  49.94442944  007.26518150  49.94451483  007.26526937
120 Taxiway Centreline
111  49.94653428  007.26185046 51
111  49.94606013  007.26138353
112  49.94606013  007.26138353  49.94593051  007.26125648 51
116  49.94562629  007.26155416  49.94554320  007.26177108
120 Taxiway Centreline
111  49.94068412  007.25608176 51 101
111  49.93990818  007.25531607
112  49.93990818  007.25531607  49.93974732  007.25515909 51 101
112  49.93929713  007.25560802  49.93916352  007.25593025
111  49.93929713  007.25560802 51 101
111  49.93853251  007.25748464 57
111  49.93835098  007.25793018 51
111  49.93823696  007.25821002
112  49.93823696  007.25821002  49.93813836  007.25845013 51
112  49.93839891  007.25898275  49.93859223  007.25918242
111  49.93839891  007.25898275 51
111  49.94564783  007.26643237
112  49.94564783  007.26643237  49.94570927  007.26649961 51
112  49.94587295  007.26648056  49.94596912  007.26644818
111  49.94587295  007.26648056 51
111  49.94614921  007.26639090
112  49.94614921  007.26639090  49.94624692  007.26635991 51
112  49.94642084  007.26647699  49.94651656  007.26657099
111  49.94642084  007.26647699 51
111  49.94785843  007.26789529 51 101
111  49.94859329  007.26862029 51
111  49.95546656  007.27539676
112  49.95546656  007.27539676  49.95555607  007.27548605 51
116  49.95582696  007.27550974  49.95596153  007.27545158
120 Taxiway Centreline
111  49.95589828  007.27546337 51 101
112  49.95592446  007.27544089  49.95593181  007.27543345
111  49.95592446  007.27544089 51 101
111  49.95700154  007.27434596 57 101
111  49.95714870  007.27419778
112  49.95714870  007.27419778  49.95719941  007.27414592 57 101
112  49.95734191  007.27392607  49.95740070  007.27376985
111  49.95734191  007.27392607 51 101
111  49.95751594  007.27351487
112  49.95751594  007.27351487  49.95754307  007.27344856 51 101
112  49.95756164  007.27326263  49.95756769  007.27316572
111  49.95756164  007.27326263
112  49.95756164  007.27326263  49.95757782  007.27300345 51 101
112  49.95740224  007.27256677  49.95728370  007.27244959
111  49.95740224  007.27256677 51 101
115  49.95678642  007.27195968
120 Taxiway Centreline
111  49.94491408  007.26025790 51
111  49.94554571  007.26087711
112  49.94554571  007.26087711  49.94571604  007.26104137 51
112  49.94562629  007.26155416  49.94553397  007.26177581
111  49.94562629  007.26155416 51
112  49.94538945  007.26214873  49.94529713  007.26237038
111  49.94538945  007.26214873 57
111  49.94515502  007.26270749 51
111  49.94436157  007.26464928
112  49.94436157  007.26464928  49.94428646  007.26483124 51
116  49.94400536  007.26474465  49.94391895  007.26465892
120 Taxiway Centreline
111  49.93392532  007.24941655 51 101
111  49.93333062  007.24882966
112  49.93333062  007.24882966  49.93319593  007.24869771 51 101
116  49.93280954  007.24905379  49.93267494  007.24938252
120 Taxiway Centreline
112  49.94916855  007.26839865  49.94903295  007.26872591 51
116  49.94922447  007.26924243  49.94938400  007.26939986
120 Taxiway Centreline
112  49.95631515  007.27504400  49.95621810  007.27514318 51
112  49.95623933  007.27556951  49.95629333  007.27581146
111  49.95623933  007.27556951 51
111  49.95664836  007.27739157
112  49.95664836  007.27739157  49.95670818  007.27765812 51
112  49.95695941  007.27794875  49.95714797  007.27813323
111  49.95695941  007.27794875 51
115  49.95857306  007.27953755
120 Taxiway Centreline
111  49.95029630  007.26555870 51 101
111  49.95100293  007.26625606
112  49.95100293  007.26625606  49.95125717  007.26651160 51 101
116  49.95075784  007.26730450  49.95036753  007.26732983
120 Taxiway Centreline
111  49.95284514  007.26807277 51 101
111  49.95221096  007.26744811
112  49.95221096  007.26744811  49.95210710  007.26734109 51 101
112  49.95172608  007.26724965  49.95151682  007.26726580
111  49.95172608  007.26724965 51 101
111  49.94985389  007.26735590
112  49.94985389  007.26735590  49.94969769  007.26736313 51 101
112  49.94944709  007.26771290  49.94934140  007.26796909
111  49.94944709  007.26771290 51 101
111  49.94916855  007.26839865
112  49.94916855  007.26839865  49.94902019  007.26876185 51 101
116  49.94859329  007.26862029  49.94844094  007.26846906
120 Taxiway Centreline
112  49.93232790  007.25023180  49.93223373  007.25046486 51 101
116  49.93242938  007.25102173  49.93256048  007.25115081
120 Taxiway Centreline
112  49.93188493  007.25048506  49.93202519  007.25061310 51 101
112  49.93229356  007.25031613  49.93237798  007.25010753
111  49.93229356  007.25031613 51 101
111  49.93280954  007.24905379
112  49.93280954  007.24905379  49.93292121  007.24878365 51
112  49.93270765  007.24821590  49.93251063  007.24801391
111  49.93270765  007.24821590 51
112  49.93220445  007.24771950  49.93200743  007.24751751
111  49.93220445  007.24771950 51 101
111  49.93180526  007.24732569
112  49.93180526  007.24732569  49.93156050  007.24708491 51 101
112  49.93126876  007.24750249  49.93118611  007.24770876
111  49.93126876  007.24750249 51 101
111  49.93078228  007.24868749
112  49.93078228  007.24868749  49.93067550  007.24894756 51 101
112  49.93090638  007.24952032  49.93107302  007.24968740
111  49.93090638  007.24952032 51 101
112  49.93291026  007.25149619  49.93307690  007.25166327
111  49.93291026  007.25149619 57 101
111  49.93325212  007.25183326 51 101
111  49.93701643  007.25554494
112  49.93701643  007.25554494  49.93714377  007.25567209 51 101
112  49.93711643  007.25630939  49.93703214  007.25651075
111  49.93711643  007.25630939 51 101
111  49.93704514  007.25648184
112  49.93704514  007.25648184  49.93691765  007.25678700 51 101
112  49.93719446  007.25729917  49.93731156  007.25740861
111  49.93719446  007.25729917 51 101
111  49.93728033  007.25739056
112  49.93728033  007.25739056  49.93748216  007.25760870 51
116  49.93820634  007.25860223  49.93842644  007.25903093
120 Taxiway Centreline
112  49.95700154  007.27434596  49.95712476  007.27422643 51
116  49.95736367  007.27455274  49.95745075  007.27480445
120 Turning Circle Centreline
112  49.95756164  007.27326263  49.95759708  007.27303370 51
112  49.95794182  007.27306119  49.95806177  007.27317643
111  49.95794182  007.27306119 51
111  49.95919670  007.27429224
112  49.95919670  007.27429224  49.95930142  007.27439347 51
111  49.95938414  007.27470397 51
111  49.95966750  007.27568610
112  49.95966750  007.27568610  49.95994426  007.27571321 51
112  49.96006757  007.27512518  49.96005738  007.27483820
111  49.96006757  007.27512518
112  49.96006757  007.27512518  49.96005732  007.27483664 51
116  49.95960070  007.27465000  49.95929956  007.27473769
120 Turning Circle Centreline
111  49.93818931  007.25362291 51
111  49.93798869  007.25342419 51
111  49.93733575  007.25343315 51
111  49.93704335  007.25312911
112  49.93704335  007.25312911  49.93697029  007.25233880 51
116  49.93763883  007.25299504  49.93767878  007.25367599
120 Apron Centreline
112  49.94854443  007.26857217  49.94841206  007.26858940 51
112  49.94840486  007.26895231  49.94842035  007.26908993 51
115  49.94840023  007.26912260
120 Apron Centreline
112  49.94864778  007.26867307  49.94871920  007.26889498 51
112  49.94848834  007.26904003  49.94841717  007.26907593 51
111  49.94840023  007.26912260 51
115  49.94790217  007.27032919
120 Apron Centreline
112  49.94724009  007.26728522  49.94710772  007.26730245 51
112  49.94710052  007.26766535  49.94711601  007.26780296 51
115  49.94709588  007.26783563
120 Apron Centreline
112  49.94734344  007.26738612  49.94741486  007.26760802 51
112  49.94718399  007.26775306  49.94711283  007.26778896 51
111  49.94709588  007.26783563 51
115  49.94659782  007.26904219
21  49.94197818  007.25618944 2 28.2200 3.00 PAPI 03
21  49.95562636  007.27160237 2 209.5300 3.00 PAPI 21
20  49.93170136  007.24777522 213.3200 0 4 {@Y}{^l}B1
20  49.93327500  007.24933606 213.3200 0 4 {@Y,^l}B2
20  49.95621686  007.27463397 325.5800 0 3 {@@,@Y,^l}M
20  49.94014963  007.26195092 214.4500 0 2 {@Y}{^u}A{@@}{@Y}A{^u}
20  49.93096144  007.24742667 304.6400 0 3 {@L}B1{@R}03{@@,@L}B1
20  49.93938654  007.25624957 301.4900 0 2 {@Y}2445M{^r}
20  49.93226560  007.24948648 300.0000 0 3 {@Y}3300M{^r,@@,@L}B2
20  49.93719434  007.25766326 211.8900 0 3 {@L}A{@R}STOP1{@@,critical,@L}A
20  49.93746686  007.25703509 210.4700 0 3 {@R}STOP1{@L}A{@@}A{critical}
20  49.93832389  007.25724676 275.9600 0 3 {@L}C{@R}CAT{r2}/{r3,@@,critical,@L}C
20  49.93874965  007.25768528 339.5700 0 3 {@R}CAT{r2}/{r3,@L}C{@@}C{critical}
20  49.93838057  007.25718763 282.3100 0 3 {@L}C{@R}03-21{@@,safety,@L}C
20  49.93876321  007.25756092 323.6200 0 3 {@R}03-21{@L}C{@@}C{safety}
20  49.94492864  007.26270204 305.5400 0 2 {@L}D{@R}CAT{r2}/{r3,@@,critical,@L}D
20  49.94527743  007.26302571 303.9400 0 2 {@R}CAT{r2}/{r3,@L}D{@@}D{critical}
20  49.94518285  007.26196641 282.4200 0 2 {@L}D{@R}03-21{@@,safety,@L}D
20  49.94948448  007.26710464 310.8400 0 3 {@L}E{@R}CAT{r2}/{r3,@@,critical,@L}E
20  49.94981601  007.26785819 334.6100 0 3 {@R}CAT{r2}/{r3,@L}E{@@}E{critical}
20  49.95041064  007.26685571 352.1100 0 3 {@Y,^l}2700M{@L}E{@R}03-21{@@,safety,@L}E
20  49.95572382  007.27498637 353.7400 0 3 {@L}F{@R}CAT{r2}/{r3,@Y}M{^r,@@,critical,@L}F
20  49.95599493  007.27588508 335.3300 0 3 {@R}CAT{r2}/{r3,@Y}M{^r,@L}F{@@}F{critical}
20  49.94043998  007.25642363 211.8400 0 4 {@Y,^l}C
20  49.94495310  007.26088086 32.3300 0 4 {@Y}D{^r}
20  49.94632246  007.26222171 211.5000 0 4 {@Y,^l}D
20  49.95034164  007.26617296 32.0500 0 4 {@Y}E{^r}
20  49.95252769  007.26833122 212.0300 0 4 {@Y,^l}E
20  49.95672709  007.27256401 32.3600 0 4 {@Y}F{^r}
20  49.95717196  007.27375939 303.9600 0 3 {@L}F{@R}21{@@,safety,@L}F
20  49.95752623  007.27410493 303.5000 0 3 {@R}21{@L}F{@@}F{safety}
20  49.95680548  007.27693211 248.6800 0 3 {@R}CAT{r2}/{r3,@L}M{@@}M{critical}
20  49.95634667  007.27719235 248.6800 0 3 {@L}M{@R}CAT{r2}/{r3,@@,critical,@L}M
20  49.94452004  007.26555647 210.4000 0 3 {@Y}D{^r}
20  49.95555475  007.27504446 33.0400 0 3 {@Y,^l}F
20  49.94825120  007.26786969 33.0400 0 3 {@L}A{@Y,^l}E{@@,@L}A
20  49.93097642  007.24989612 213.0300 0 2 {@L}A{@Y}B1{^r,@@,@L}A
20  49.93272753  007.25071726 213.0300 0 3 {@Y}B2{^r,@@,@L}A{safety}
20  49.93277127  007.25188104 212.6200 0 2 {@Y}B1{^u}
20  49.93311212  007.25112701 213.0300 0 3 {@R}03{@L}A{@R}STOP2{@@,safety,@L}A
20  49.93833379  007.25940937 213.0300 0 3 {@Y}C{^r}
20  49.94398859  007.26426796 33.0400 0 3 {@L}A{@Y,^l}D{@@,@L}A
14  49.94576552  007.26793584  65.62 0 New Tower Viewpoint 14
1300  49.94617544  007.26849939 211.63 gate heavy|jets|turboprops Gate A1
1301 C airline ryr
1300  49.94636926  007.26802601 211.29 gate heavy|jets|turboprops Gate A2
1301 C airline ryr
1300  49.94656624  007.26755193 211.29 gate heavy|jets|turboprops Gate A3
1301 C airline ryr
1300  49.94714417  007.26944356  32.33 gate heavy|jets|turboprops Gate A4
1301 C airline ryr
1300  49.94733827  007.26896956  32.33 gate heavy|jets|turboprops Gate A5
1301 C airline ryr
1300  49.94753525  007.26849713  32.33 gate heavy|jets|turboprops Gate A6
1301 C airline ryr
1300  49.94743231  007.26972895 213.01 gate heavy|jets|turboprops Gate B1
1301 C airline wzz
1300  49.94762910  007.26925509 213.01 gate heavy|jets|turboprops Gate B2
1301 C airline wzz
1300  49.94782569  007.26878216 213.01 gate heavy|jets|turboprops Gate B3
1301 C airline ryr
1300  49.94840445  007.27069251  32.75 gate heavy|jets|turboprops Gate B4
1301 C airline asl
1300  49.94859757  007.27021755  32.75 gate heavy|jets|turboprops Gate B5
1301 C airline ryr
1300  49.94899113  007.27129266 123.28 gate heavy|jets|turboprops Cargo Ramp D2
1301 E cargo azq
1300  49.94980032  007.27204474 120.84 gate heavy|jets|turboprops Cargo Ramp E
1301 E cargo yzr
1300  49.95039990  007.27266783 120.84 gate heavy|jets|turboprops Cargo Ramp F
1301 E cargo clx
1300  49.95198498  007.27404640 121.98 gate heavy|jets|turboprops Cargo Ramp G1
1301 E cargo gti
1300  49.95254776  007.27476987 122.72 gate heavy|jets|turboprops Cargo Ramp G2
1301 E cargo gti
1300  49.95321372  007.27542628 122.72 gate heavy|jets|turboprops Cargo Ramp G3
1301 E cargo abd
1300  49.95385646  007.27606139 122.72 gate heavy|jets|turboprops Cargo Ramp G4
1301 E cargo nca
1300  49.94324716  007.26444608 303.35 tie_down jets|turboprops|props|helos GA Ramp
1301 B general_aviation 
1300  49.94340933  007.26460945 303.35 tie_down jets|turboprops|props|helos GA Ramp
1301 B general_aviation 
1300  49.94374219  007.26494478 303.35 tie_down jets|turboprops|props|helos GA Ramp
1301 B general_aviation 
1300  49.94357357  007.26477682 303.35 tie_down jets|turboprops|props|helos GA Ramp
1301 B general_aviation 
1300  49.94057913  007.26174764 302.31 tie_down jets|turboprops|props|helos GA Ramp
1301 A general_aviation 
1300  49.94069893  007.26186801 302.31 tie_down jets|turboprops|props|helos GA Ramp
1301 A general_aviation 
1300  49.94094534  007.26212515 302.31 tie_down jets|turboprops|props|helos GA Ramp
1301 A general_aviation 
1300  49.94082428  007.26200423 302.31 tie_down jets|turboprops|props|helos GA Ramp
1301 A general_aviation 
1050 136355 ATIS
1053 121980 GND
1054 120905 TWR
1054 119655 TWR
1055 125600 LANGEN RADAR
1200 
1201  49.94950945  007.26758801 both 0 N_stop
1201  49.94962170  007.26744669 both 1 N_stop
1201  49.95043466  007.26732104 both 2 N_stop
1201  49.94982323  007.26735959 both 3 N_stop
1201  49.94694062  007.26957180 both 4 N_stop
1201  49.94837986  007.27122636 both 5 N_stop
1201  49.94761454  007.27046339 both 6 N_stop
1201  49.94751814  007.27027199 both 7 N_stop
1201  49.94727393  007.27002185 both 8 N_stop
1201  49.94712401  007.26997169 both 9 N_stop
1201  49.94597441  007.26885005 both 10 N_stop
1201  49.94594171  007.26854580 both 11 N_stop
1201  49.94591309  007.26871232 both 12 N_stop
1201  49.94790571  007.27032549 both 13 N_stop
1201  49.94659939  007.26903962 both 14 N_stop
1201  49.93303694  007.24848018 both 15 N_stop
1201  49.93232722  007.25023517 both 16 N_stop
1201  49.93242728  007.25102334 both 17 N_stop
1201  49.93229028  007.25066605 both 18 N_stop
1201  49.93290503  007.25148967 both 19 N_stop
1201  49.93701572  007.25554646 both 20 N_stop
1201  49.93711554  007.25630977 both 21 N_stop
1201  49.93715241  007.25589363 both 22 N_stop
1201  49.93704704  007.25648006 both 23 N_stop
1201  49.93728033  007.25739056 both 24 N_stop
1201  49.93702981  007.25697746 both 25 N_stop
1201  49.93785053  007.25806448 both 26 N_stop
1201  49.95742940  007.27580830 both 27 N_stop
1201  49.95754778  007.27508545 both 28 N_stop
1201  49.95759175  007.27547447 both 29 N_stop
1201  49.95751594  007.27351487 both 30 N_stop
1201  49.95756798  007.27310965 both 31 N_stop
1201  49.95734191  007.27392607 both 32 N_stop
1201  49.95657654  007.27706581 both 33 N_stop
1201  49.95649251  007.27668360 both 34 N_stop
1201  49.95672310  007.27772076 both 35 N_stop
1201  49.95856786  007.27953669 both 36 N_start
1201  49.95720468  007.27413727 both 37 N_stop
1201  49.95589169  007.27547344 both 38 N_stop
1201  49.95615093  007.27520832 both 39 N_stop
1201  49.95546656  007.27539676 both 40 N_stop
1201  49.95573164  007.27553215 both 41 N_stop
1201  49.94628207  007.26634195 both 42 N_stop
1201  49.94729262  007.26733763 both 43 N_stop
1201  49.94859842  007.26862533 both 44 N_stop
1201  49.94892081  007.26893955 both 45 N_stop
1201  49.94538945  007.26214873 both 46 N_stop
1201  49.94509163  007.26286196 both 47 N_stop
1201  49.94573854  007.26653003 both 48 N_stop
1201  49.93840240  007.25898795 both 49 N_stop
1201  49.94422586  007.26497280 both 50 N_stop
1201  49.93823681  007.25821063 both 51 N_stop
1201  49.93821514  007.25864746 both 52 N_stop
1201  49.93857621  007.25737492 both 53 N_stop
1201  49.93853460  007.25748138 both 54 N_stop
1201  49.95793937  007.27303534 both 55 N_stop
1201  49.93366972  007.24910560 both 56 N_start
1201  49.93956154  007.25491338 both 57 N_start
1201  49.94581413  007.26108146 both 58 N_start
1201  49.95129379  007.26648401 both 59 N_start
1201  49.95203065  007.26721320 both 60 N_start
1201  49.95107754  007.26728423 both 61 N_start
1201  49.95751131  007.27261345 both 62 N_start
1201  49.93181712  007.24728223 both 63 N_stop
1201  49.93127088  007.24750028 both 64 N_stop
1201  49.93152533  007.24722568 both 65 N_stop
1201  49.93078213  007.24868249 both 66 N_stop
1201  49.93106455  007.24967292 both 67 N_stop
1201  49.93078123  007.24926959 both 68 N_stop
1201  49.94148036  007.26432140 both 69 N_stop
1201  49.94373079  007.26543264 both 70 N_stop
1201  49.94181143  007.26349996 both 71 N_stop
1201  49.94422750  007.26564132 both 72 N_stop
1201  49.94401417  007.26553312 both 73 N_stop
1201  49.94381657  007.26548445 both 74 N_stop
1201  49.94551878  007.26695474 both 75 N_stop
1201  49.94583051  007.26696066 both 76 N_stop
1201  49.94624771  007.26737194 both 77 N_stop
1201  49.94663801  007.26727838 both 78 N_stop
1201  49.94653537  007.26730801 both 79 N_stop
1201  49.94642828  007.26736125 both 80 N_stop
1201  49.94633315  007.26740359 both 81 N_stop
1201  49.94840657  007.26893628 both 82 N_stop
1201  49.94827122  007.26879781 both 83 N_stop
1201  49.94774096  007.26826829 both 84 N_stop
1201  49.94718166  007.26963678 both 85 N_stop
1201  49.94711795  007.26969288 both 86 N_stop
1201  49.94703896  007.26966648 both 87 N_stop
1201  49.94715765  007.26768627 both 88 N_stop
1201  49.94678138  007.26732497 both 89 N_stop
1201  49.94671998  007.26727489 both 90 N_stop
1201  49.94824222  007.27085815 both 91 N_stop
1201  49.94832234  007.27093418 both 92 N_stop
1201  49.94844832  007.27091708 both 93 N_stop
1201  49.94839083  007.27095509 both 94 N_stop
1201  49.95070344  007.27316602 both 95 N_stop
1201  49.95053612  007.27325635 both 96 N_stop
1201  49.95064553  007.27326806 both 97 N_stop
1201  49.94940832  007.27215391 both 98 N_stop
1201  49.94872306  007.27091023 both 99 N_stop
1201  49.94877602  007.27312881 both 100 N_stop
1201  49.94889163  007.27284197 both 101 N_stop
1201  49.94901538  007.27275428 both 102 N_stop
1201  49.94927802  007.27208297 both 103 N_stop
1201  49.94924238  007.27222556 both 104 N_stop
1201  49.94923990  007.27205888 both 105 N_stop
1201  49.94856389  007.27140621 both 106 N_stop
1201  49.94931334  007.27194224 both 107 N_stop
1201  49.94868217  007.26970980 both 108 N_stop
1201  49.94844254  007.26901418 both 109 N_stop
1201  49.95441999  007.27538264 both 110 N_start
1201  49.95110531  007.27214240 both 111 N_start
1201  49.94976083  007.27082740 both 112 N_start
1201  49.94885102  007.26993238 both 113 N_start
1201  49.94875204  007.26983840 both 114 N_start
1202 0 45 oneway taxiway_E E
1202 59 61 oneway taxiway_E E
1204 departure 03,21
1204 arrival 03,21
1202 1 0 oneway taxiway_E E
1202 2 3 oneway taxiway_E E
1204 ils 03,21
1202 3 1 oneway taxiway_E E
1204 ils 03,21
1202 60 61 oneway taxiway_E E
1204 departure 03,21
1204 arrival 03,21
1202 61 2 oneway taxiway_E E
1204 departure 03,21
1204 arrival 03,21
1202 109 13 twoway taxiway_C N
1202 44 109 twoway taxiway_C N
1202 88 14 twoway taxiway_C N
1202 43 88 twoway taxiway_C N
1202 16 15 twoway taxiway_E B2
1204 departure 03,21
1204 arrival 03,21
1202 17 18 twoway taxiway_E B2
1204 departure 03,21
1204 arrival 03,21
1202 18 16 twoway taxiway_E B2
1204 departure 03,21
1204 arrival 03,21
1202 19 17 twoway taxiway_E A
1204 departure 03,21
1204 arrival 03,21
1202 20 19 twoway taxiway_E A
1204 ils 03,21
1202 21 22 twoway taxiway_E A
1204 ils 03,21
1202 22 20 twoway taxiway_E A
1204 ils 03,21
1202 23 21 twoway taxiway_E A
1204 ils 03,21
1202 24 25 twoway taxiway_E A
1204 ils 03,21
1202 25 23 twoway taxiway_E A
1204 ils 03,21
1202 26 24 twoway taxiway_E A
1202 52 26 twoway taxiway_E A
1202 27 34 twoway taxiway_E G
1204 ils 03,21
1202 28 29 twoway taxiway_E G
1204 ils 03,21
1202 29 27 twoway taxiway_E G
1204 ils 03,21
1202 37 28 twoway taxiway_E G
1204 ils 03,21
1202 30 31 twoway taxiway_E F
1204 departure 03,21
1204 arrival 03,21
1202 31 62 twoway taxiway_E F
1204 departure 03,21
1204 arrival 03,21
1202 32 30 twoway taxiway_E F
1204 departure 03,21
1204 arrival 03,21
1202 37 32 twoway taxiway_E F
1204 ils 03,21
1202 33 34 twoway taxiway_E M
1204 ils 03,21
1202 34 39 twoway taxiway_E M
1204 ils 03,21
1202 35 33 twoway taxiway_E M
1202 36 35 twoway taxiway_E M
1202 38 39 twoway taxiway_E F
1204 ils 03,21
1202 39 37 twoway taxiway_E F
1204 ils 03,21
1202 40 41 twoway taxiway_E A
1202 41 38 twoway taxiway_E A
1202 42 43 twoway taxiway_C A
1202 44 45 twoway taxiway_C A
1202 45 40 twoway taxiway_E A
1202 48 42 twoway taxiway_C A
1202 46 47 twoway taxiway_B D
1204 ils 03,21
1202 47 50 twoway taxiway_B D
1202 58 46 twoway taxiway_B D
1204 departure 03,21
1204 arrival 03,21
1202 49 50 twoway taxiway_E A
1202 50 48 twoway taxiway_C A
1202 51 52 twoway taxiway_E C
1202 52 49 twoway taxiway_E A
1202 53 54 twoway taxiway_E N
1204 ils 03,21
1202 54 51 twoway taxiway_E C
1202 57 53 twoway taxiway_E C
1204 departure 03,21
1204 arrival 03,21
1202 56 57 twoway runway 03/21
1204 departure 03,21
1204 arrival 03,21
1204 ils 03,21
1202 57 58 twoway runway 03/21
1204 departure 03,21
1204 arrival 03,21
1204 ils 03,21
1202 58 59 twoway runway 03/21
1204 departure 03,21
1204 arrival 03,21
1204 ils 03,21
1202 59 60 twoway runway 03/21
1204 departure 03,21
1204 arrival 03,21
1204 ils 03,21
1202 60 62 twoway runway 03/21
1204 departure 03,21
1204 arrival 03,21
1204 ils 03,21
1202 62 55 twoway runway 03/21
1204 departure 03,21
1204 arrival 03,21
1204 ils 03,21
1202 63 15 twoway taxiway_E 
1204 departure 03,21
1204 arrival 03,21
1202 64 65 twoway taxiway_E B1
1204 departure 03,21
1204 arrival 03,21
1202 65 63 twoway taxiway_E B1
1204 departure 03,21
1204 arrival 03,21
1202 66 64 twoway taxiway_E B1
1204 departure 03,21
1204 arrival 03,21
1202 67 68 twoway taxiway_E B1
1204 departure 03,21
1204 arrival 03,21
1202 68 66 twoway taxiway_E B1
1204 departure 03,21
1204 arrival 03,21
1202 17 67 twoway taxiway_E A
1204 departure 03,21
1204 arrival 03,21
1202 15 56 twoway runway 03/21
1204 departure 03,21
1204 arrival 03,21
1204 ils 03,21
1206 84 85 twoway  N
1206 85 86 twoway  N
1206 86 87 twoway  N
1206 87 4 twoway  N
1206 6 5 twoway  N
1206 7 6 twoway  N
1206 8 7 twoway  N
1206 9 8 twoway  N
1206 10 9 twoway  N
1206 11 12 twoway  N
1206 12 10 twoway  N
1206 80 11 twoway  N
1206 70 71 twoway  N
1206 71 69 twoway  N
1206 72 73 twoway  N
1206 73 74 twoway  N
1206 74 70 twoway  N
1206 75 72 twoway  N
1206 76 75 twoway  N
1206 77 76 twoway  N
1206 78 79 twoway  N
1206 79 80 twoway  N
1206 80 81 twoway  N
1206 81 77 twoway  N
1206 82 83 twoway  N
1206 83 84 twoway  N
1206 84 88 twoway  N
1206 88 89 twoway  N
1206 89 90 twoway  N
1206 90 78 twoway  N
1206 108 109 twoway  N
1206 109 82 twoway  N
1206 92 91 twoway  N
1206 93 94 twoway  N
1206 94 92 twoway  N
1206 113 93 twoway  N
1206 95 111 twoway  N
1206 96 97 twoway  N
1206 97 95 twoway  N
1206 98 96 twoway  N
1206 103 98 twoway  N
1206 103 105 twoway  N
1206 105 106 twoway  N
1206 106 99 twoway  N
1206 101 100 twoway  N
1206 102 101 twoway  N
1206 103 104 twoway  N
1206 104 102 twoway  N
1206 107 103 twoway  N
1206 112 107 twoway  N
1206 110 111 twoway  N
1206 111 112 twoway  N
1206 112 113 twoway  N
1206 113 114 twoway  N
1206 114 108 twoway  N
1400  49.94870697  7.26994015  200.56 baggage_train 2 Baggage Train Parking
1400  49.94855984  7.27038239  192.26 baggage_loader 0 Baggage Loader Parking
1400  49.94754443  7.26958283  0.00 baggage_loader 0 Baggage Loader Parking
1400  49.94648492  7.26782078  78.64 baggage_loader 0 Baggage Loader Parking
1400  49.94626149  7.26831548  47.88 baggage_loader 0 Baggage Loader Parking
1400  49.94747601  7.27051174  302.35 baggage_train 3 Baggage Train Parking
1400  49.94582360  7.26861789  249.68 baggage_train 3 Baggage Train Parking
1400  49.94608919  7.26799387  0.00 crew_car 0 Crew Car Parking
1400  49.94599584  7.26818700  123.02 gpu 0 GPU Parking
1400  49.95163951  7.27420429  0.00 gpu 0 GPU Parking
1400  49.95481128  7.27740681  128.42 fuel_jets 0 Jets Fuel Truck Parking
1400  49.94167799  7.26424928 -148.15 fuel_jets 0 Jets Fuel Truck Parking
1400  49.95491147  7.27748998  122.04 fuel_liners 0 Liners Fuel Truck Parking
1400  49.94162926  7.26431689 -146.60 fuel_liners 0 Liners Fuel Truck Parking
1400  49.95493781  7.27757855  114.33 fuel_props 0 Props Fuel Truck Parking
1400  49.94159945  7.26438404  213.70 fuel_props 0 Props Fuel Truck Parking
1400  49.95196711  7.27309794  337.23 crew_car 0 Crew Car Parking
1400  49.94352035  7.26542112  302.01 food 0 Catering Truck Parking
1400  49.94356835  7.26546369  302.01 food 0 Catering Truck Parking
99
